MSE: 0.5235602094240838 
RMSE: 0.7235746052924217 
Perfomance: 94.76439790575915% 
