MSE: 0.08710801393728224 
RMSE: 0.2951406680504777 
Perfomance: 98.25783972125436% 
